(badreputation
   (30243 48406 74261 95811))
(beastandtheharlot
   (76573 93765 139324 176400))
(billiondollar
   (32800 44311 59938 69990))
(cantyouhearme
   (45264 77612 117519 122024))
(carrymehome
   (51970 75897 101158 112828))
(carryonwayward
   (61492 72220 98170 104226))
(cherrypie
   (29543 45435 54271 58854))
(crazyonyou
   (54446 77536 106738 114504))
(dead
   (44984 66672 105866 119681))
(freebird
   (134118 194628 254212 282272))
(freya
   (55186 64768 118912 141131))
(girlfriend
   (30745 51177 85878 103207))
(hangar18
   (80015 106808 160209 185984))
(heartshapedbox
   (58231 78672 101321 117543))
(hush
   (51173 63561 78822 91163))
(institutionalized
   (67662 120169 151819 175439))
(jessica
   (83592 107792 163967 200829))
(johnthefisherman
   (40627 53817 79715 96879))
(killinginthenameof
   (60588 93130 127378 154628))
(laidtorest
   (59962 84324 143103 165953))
(lastchild
   (37014 66093 85934 105238))
(lifewasted
   (51212 76041 88547 100607))
(madhouse
   (68091 92253 141381 145453))
(messageinabottle
   (63514 102197 107631 110378))
(misirlou
   (28186 40113 69378 93578))
(mother
   (34521 60809 84656 99520))
(monkeywrench
   (60204 84883 146306 161759))
(possum
   (50719 81976 99490 109626))
(psychobilly
   (40396 54239 79535 93301))
(rockandroll
   (39853 60718 94094 107766))
(rockthistown
   (40313 68601 100681 118161))
(salvation
   (40879 56431 77817 85153))
(searchanddestroy
   (48885 64792 108529 118084))
(shoutatthedevil
   (33209 46346 68386 74072))
(stop
   (41063 58141 90416 112321))
(strutter
   (32773 49739 64525 83640))
(surrender
   (45611 75836 95443 101492))
(sweetchild
   (71928 82823 102608 109678))
(tattooedloveboys
   (49718 74318 92106 111431))
(thembones
   (40415 51153 77609 83247))
(tonightimgonna
   (31751 40243 74576 97111))
(trippinonahole
   (37958 62983 90469 106014))
(trooper
   (69918 103971 152918 167960))
(warpigs
   (67520 95716 134670 141249))
(whowasinmyroom
   (59602 87804 117137 127274))
(woman
   (33812 48450 89445 90389))
(youreallygotme
   (31583 40809 51861 54991))
(yyz
   (60112 80661 101353 115567))
(arterialblack
   (48992 64910 99579 111489))
(collide
   (46068 58904 80527 88811))
(elephantbones
   (42770 54223 76049 84079))
(fallofpangea
   (99935 118005 169618 172351))
(ftk
   (45588 66278 89150 102837))
(gemini
   (48175 71253 93142 122677))
(jordan
   (38523 59357 85443 118002))
(kicked
   (42898 64810 108218 116740))
(ladylightning
   (57018 78358 99294 103149))
(laughtrack
   (40428 59002 77731 84476))
(lesstalkmorerokk
   (53872 87857 99152 140774))
(mrfixit
   (33846 56825 69690 71240))
(newblack
   (33334 48469 59759 70182))
(onefortheroad
   (77879 98219 165726 179179))
(parasite
   (33434 49892 67557 71673))
(radiumeyes
   (29910 48917 59370 63562))
(redlottery
   (67796 83669 96517 106767))
(rawdog
   (55162 64868 108762 117533))
(six
   (61927 83483 115213 136545))
(soybomb
   (41447 58115 64722 68299))
(speedtest
   (57522 90429 154006 252956))
(thelightthatblinds
   (66942 79618 126378 150391))
(thunderhorse
   (36177 62177 78045 85673))
(trogdor
   (23160 34310 51594 74904))
(xstream
   (94752 108672 163026 183641))
(drinkup
   (43599 63810 78922 78968))
(yeswecan
   (52793 69873 92731 108426))
(18andlife
   (23791 38350 59394 64005))
(aintnothinbut
   (42709 65692 84738 96378))
(ballstothewall
   (67240 109045 120104 121976))
(ballroomblitz
   (49245 59897 94226 104539))
(bangyourhead
   (56633 89239 107452 112241))
(bathroomwall
   (37018 52455 92616 109595))
(caughtinamosh
   (43411 84603 155138 178992))
(electriceye
   (55735 81980 132794 153788))
(heatofthemoment
   (42010 53351 60558 71300))
(holdonloosely
   (64126 75560 90394 97810))
(holydiver
   (41469 56602 104897 113385))
(iran
   (60296 73464 109197 114726))
(iwantcandy
   (24046 36232 44892 65267))
(iwannarock
   (35441 46447 70560 81000))
(lonelyisthenight
   (35038 51218 93211 101115))
(losangeles
   (43836 54097 106864 113356))
(noonelikeyou
   (38368 53346 62692 64337))
(onlyalad
   (46515 68909 107486 125102))
(playwithme
   (28082 45199 85583 117958))
(policetruck
   (37984 47580 88434 98941))
(radarlove
   (63293 80847 97173 105847))
(roundandround
   (33537 58453 102621 108808))
(seventeen
   (45145 76895 103460 117704))
(shakin
   (40574 47395 56814 59237))
(synchronicity2
   (66472 92679 120818 127376))
(turningjapanese
   (56002 70929 101666 105542))
(thewarrior
   (45886 63037 82600 93604))
(wegotthebeat
   (34256 53105 59435 63068))
(whatilikeaboutyou
   (45435 55983 91084 108073))
(wrathchild
   (30358 53814 82952 91306))
(becauseitsmidnite_demo
   (82000 82000 82000 82000))